001728
006991
000640
000859
003439
004949
004588
001439
005881
006440
005086
003754
004409
003715
001097
000681
002751
003701
002009
003149
004229
004642
002708
006272
000658
006028
005465
001438
001925
006175
006223
005011
001292
000263
000006
002640
002572
006823
004282
002618
003493
005096
000575
000778
006444
002888
005314
005389
005820
003006
004454
006818
007232
006506
004828
001305
005840
001893
000166
003325
000873
003495
000308
007308
006343
001665
001666
004973
004064
004483
001978
006994
002632
002439
003121
003358
002115
006686
005282
003691
001301
005032
003174
005041
004655
007128
000004
002289
005047
000927
006785
004217
005051
005322
005804
001366
004704
000367
005187
000514
003914
002935
003067
003934
005597
000024
001368
006072
000849
001770
007224
004295
005003
000016
005932
003896
004257
003259
005146
004638
000618
007076
005332
003346
002241
005721
004388
002248
000815
006510
000262
005678
001961
003223
001414
006560
006474
005005
001270
000920
000862
004952
003133
006308
002581
006813
004122
004258
000419
004036
001452
003424
006000
001303
003674
004001
003729
000755
002774
006849
003899
002855
000837
006274
004267
006739
005786
001650
002396
000035
000247
001553
003021
002681
000830
005576
007473
007106
002477
003908
005335
001162
001652
005936
000477
001234
003372
000680
000976
006482
003770
004259
005189
000191
005586
004506
007379
004115
006045
004533
006890
005274
005072
004965
003356
003375
007468
001633
006034
000274
003660
004850
004179
000307
007167
006522
003241
000675
000542
000526
002470
003616
003769
006108
002285
004772
005816
006027
007444
007113
002573
000502
001456
001715
001186
000324
005012
001099
006093
000511
002014
001265
000405
005030
003244
001532
000449
004887
005066
002205
005705
004666
004504
004422
006249
006473
002598
004018
006527
006591
003860
006728
004423
001177
004437
006237
000733
001826
002323
005461
005832
005691
002706
000267
002981
002870
000912
003693
000539
003024
005994
000598
003299
000891
004010
004543
003593
007353
002830
001772
001670
004636
002101
001970
002364
003928
006222
005805
001141
000762
004706
007295
006803
001986
001140
002671
003146
002137
004030
002526
006360
005692
004889
006226
006003
006592
003103
002004
004719
006112
000791
000892
001998
006088
002453
006815
005152
003277
003838
001324
006744
000581
002641
006472
006209
004741
004165
004725
004800
002642
001156
005258
005018
004472
005247
005557
000250
000737
001974
006458
000765
005663
000590
003147
001308
005759
004629
005369
006065
000183
001466
003117
007370
001698
000770
003071
007157
006117
003687
005147
006687
006471
005185
004095
006923
001909
006324
000003
003836
005660
003308
005950
001398
005914
002230
001114
001068
006463
006138
003856
005898
002698
006638
000534
002893
002493
002150
005192
002033
004928
004907
005768
005195
004792
006682
004733
003357
001300
000794
004256
006614
005824
003058
003655
006908
002612
006882
006488
000141
002400
005777
002811
002566
004441
006626
005471
004648
000706
002853
006279
007259
001018
006230
004068
006350
002838
007237
001143
003548
003421
007188
005424
006363
006780
001618
000612
006132
003487
005075
006705
005960
000444
006180
005383
002522
005217
001403
002132
005343
001944
002242
001381
007378
007053
003042
003060
006833
001820
007120
000512
004032
007084
002099
005779
005092
000037
003000
000047
003735
006075
005348
005929
004670
003667
007202
000332
002591
000887
004654
003622
004821
006622
007179
004373
006168
000573
004347
005398
006950
001761
004091
003507
006120
004987
000046
002729
007199
005851
007185
000622
001821
003359
004174
003844
004321
005268
007222
004477
002822
002675
003614
007014
003957
003719
004286
006632
001307
002915
002977
004774
000480
000283
004860
000144
004045
002307
004956
004081
007082
000432
003843
000182
002518
000243
001640
000125
004918
005360
003150
005145
006740
007275
006868
003873
002300
006735
004786
001252
002305
005563
003368
003353
000987
001603
006605
004458
001939
005716
000072
003615
003726
004161
005890
002257
005911
002089
000496
005559
006148
002442
001240
007003
003641
004416
004418
004794
000890
001251
004650
001798
002724
005108
006852
004674
006026
002554
001673
002038
001656
005988
005423
006674
000488
005405
001649
002483
006077
002833
002020
004560
000116
006698
003486
004415
004721
002113
000264
005739
002960
000654
005857
003082
006924
003554
005871
001951
003501
005573
000823
005712
003671
000825
001380
006124
006883
000549
000768
004035
004330
000626
005371
003588
004697
003249
000363
000645
004948
000096
001122
002386
005632
005375
003847
004392
002445
006317
002670
004082
004310
005570
000258
004083
006421
007249
003378
005026
001957
000679
003656
002726
004488
003200
004008
006384
005121
005414
002989
000033
003418
005543
000587
000051
001125
001021
000869
004315
006125
001273
007193
006807
004266
001469
003964
004977
004482
006533
005928
006057
001357
005117
002786
003802
002955
004975
006691
003740
004838
002871
001472
006245
005118
007416
000600
004145
003479
004764
000926
002431
003804
004924
005084
002369
003156
005364
004628
007236
001914
003136
003737
004407
000551
002126
005581
000591
005126
001799
005689
002662
000121
002100
003170
002936
004700
001619
001835
003929
000868
003279
003104
004787
006558
002797
005547
006844
005309
003676
003850
002211
002825
002939
000990
002487
003617
002327
000838
004645
006164
000029
002000
003564
007359
005056
000251
001053
003390
001049
006540
003751
004788
003204
004186
004608
007341
006974
003263
005253
007319
000883
001942
003078
005347
006216
006483
001416
006756
003213
000127
003870
000693
006763
002399
003435
006414
000555
005825
005317
002905
001566
002687
005212
000669
004129
007111
001126
001833
007220
006302
001127
003226
001268
000347
004184
003647
005229
007107
001731
004046
004602
000370
003849
002447
002409
000197
001492
004067
002277
000497
002951
001534
006442
000855
003678
002200
007100
007412
005222
004491
006701
001552
001547
001849
004284
000928
007219
006659
006843
003757
005338
004005
006094
001137
002338
007008
004339
006453
002926
004396
000910
001892
001193
005141
002288
002035
000348
004986
002861
004884
005941
007430
003076
005700
001898
002345
006260
006110
007011
007460
000015
006571
003273
003732
004368
007041
001026
004151
003677
004529
006887
006456
000043
006481
004427
004840
007135
003452
005694
006410
001907
004720
005076
000973
000392
002494
001920
005681
005514
002605
000917
005596
006487
004632
000048
006850
005433
003818
007414
003195
002183
002361
005831
004190
000975
002950
003351
005927
000361
004667
002223
004934
004796
001002
002843
002319
001519
003161
006604
003506
000232
000393
003596
006136
004649
002882
005631
004818
004288
004240
001528
007408
001116
004569
001464
006532
000661
006155
004534
005476
006107
000974
006217
001934
007371
003509
000896
001956
006294
004910
003247
006998
004232
006943
007356
002690
001356
000414
007023
006122
002623
006169
004969
003829
006365
003689
004487
004776
002916
000636
003527
007108
001508
006364
000828
006339
006278
002849
003145
000509
002722
006951
003755
006355
007466
001433
000968
002187
005242
005327
001997
002527
002387
004746
006024
005577
001923
000750
006726
004761
004400
002824
007251
006915
004754
005770
005287
003916
001777
004610
004603
007292
006720
006468
001015
005450
007020
006891
003018
006885
003385
007037
000277
004189
003805
003573
002949
000294
006702
003293
005701
003386
001392
007195
000222
003561
000146
001500
000639
007342
006631
002652
003889
004410
003092
003644
000570
004923
000824
005706
003909
006694
000537
003349
004888
007139
005531
003086
002622
005815
005836
005799
007022
000493
001094
006040
001765
005208
004031
002229
000376
000530
005922
007368
000316
001304
002104
000231
001984
002869
000694
004597
007080
004250
003345
005378
003645
003433
002221
000945
007461
001597
002298
000980
000845
005958
004101
002199
000406
002124
002630
005664
005321
006036
005334
003637
002576
003089
006829
005829
006848
005160
006697
000508
002930
004338
003354
006309
007244
007382
006608
000811
002303
005978
000937
007181
000470
007191
004426
000435
007024
005906
006435
002214
001531
002437
000309
005002
003478
000904
006768
002564
004478
004085
004143
000357
003180
007451
000162
003834
006577
005947
000207
006965
005992
000982
000586
001008
003978
005517
002601
002024
001361
002029
004834
003661
002121
003016
005349
005225
002021
005605
002467
001979
002863
001989
005540
006876
002180
000297
003952
002804
004549
001827
005787
007007
004358
007267
002280
000117
005642
003632
003207
001655
003779
005995
005444
000067
003057
000717
005610
000492
003688
003523
007018
005735
005887
004034
005525
005166
000240
006675
003159
005925
003039
006796
001037
007287
003187
006889
003188
000260
001535
000988
003738
003603
002837
002491
003989
002580
007361
002472
001079
003624
002224
000523
006741
006859
001409
007086
006814
001613
001424
001577
004957
002520
001845
002393
005107
006431
007155
001641
004405
002343
002092
000513
005979
003228
000535
002237
000293
003337
004526
004019
000931
003429
001703
000442
006777
005071
004307
003054
002247
002867
000256
001259
001191
001723
002239
007118
005872
003665
002452
007480
007433
001385
005492
006492
001804
004319
005666
003132
000011
000613
006284
002848
001734
001793
002358
006942
007046
007357
001449
007206
000002
005939
005475
004693
005839
005635
003457
005641
007248
001682
003056
003453
001038
001982
007456
005841
003720
005415
004805
006992
001211
002484
002769
004167
003002
006709
007142
001136
002146
003867
005255
003684
006576
003369
006766
004868
001680
007400
000126
004702
006919
001043
001954
003874
001394
001741
001786
001346
004985
007283
005710
006672
001319
000795
002269
003482
005937
005698
004040
001208
007055
000005
004688
004336
005933
004545
001955
004877
001928
005100
002272
001847
003576
005907
005174
007373
006770
003091
002718
006630
002308
006562
002458
005249
004451
003594
001244
004978
003175
006811
003982
004460
005998
002596
001236
005658
001546
000866
007432
006964
006098
002196
002333
005964
006567
007028
001145
000227
000970
001664
001431
001877
000089
006224
004456
001561
006837
005783
002189
006489
000325
007331
001441
007057
003183
000012
002314
003748
004274
004813
001358
000991
001087
002129
001201
003106
001000
003580
006139
000701
006018
006186
006466
004195
001175
000245
005535
001663
000170
001100
001118
000872
006470
006228
004964
003268
005019
000299
002152
001447
003330
003113
005381
000422
003699
007350
001316
001743
006276
005271
005438
000058
001152
001226
003692
003500
000665
001073
004243
000174
003513
002347
006986
002655
001690
007284
002117
006662
001843
002536
003958
000772
005111
007327
006911
002548
005110
004872
001724
006580
003961
003304
001706
000659
005063
003526
001269
004412
005313
000066
004699
000625
006467
003072
001608
006612
000673
003297
003579
003438
001065
004425
004346
001129
001096
007104
000433
002422
001067
005638
000390
001151
004914
007263
004125
002610
005977
001404
006723
000879
006515
000099
000954
002810
004858
002963
006485
005218
001685
001874
003515
005479
005837
006038
003612
006221
006095
000886
007336
001225
000614
003571
003364
001688
007102
004694
002025
004193
003767
005674
002775
003370
002884
005289
001166
005090
004080
004312
001744
000649
002002
003935
004278
001681
006461
005290
001565
006361
003267
005624
006114
007431
007271
002875
004335
004765
002143
006347
000753
005511
004102
006804
003662
002213
006074
003541
001638
005902
004908
003609
001372
001233
004527
001921
005246
003927
001081
001432
003700
006579
001993
007013
006669
000338
007322
006295
003309
001277
005230
004739
004280
005171
003653
004108
005862
006871
006210
005391
002142
001263
000021
002901
002715
005325
000929
000060
001693
005602
006009
005039
005613
007114
002215
004470
005448
005473
003110
000285
003168
006715
005601
004678
005304
005650
002083
002720
002287
007109
000628
001396
001017
003090
000010
007175
006624
006881
000703
007033
001463
006248
005073
005330
002348
001803
002162
004762
006017
001812
003294
004446
003112
005169
005065
000278
003878
007050
005245
007115
006737
002013
003232
000930
005105
001334
002217
004298
006394
003436
004123
003490
005301
004014
004052
002704
000672
007329
004508
005078
002060
007095
000726
007404
007302
004671
006914
001659
005677
003639
003974
001667
004395
006402
002070
001959
002957
000355
006799
005490
001289
005009
000924
000624
000044
004931
001275
005670
003428
006441
005819
005619
000199
000793
004675
003009
002094
002165
004919
003574
000565
007317
001581
002069
000687
004997
003810
005199
004740
000326
003099
007269
006854
005143
002802
000744
002648
005144
002970
000560
006157
005275
001842
003326
007168
004262
001473
001408
002595
000451
006699
007294
003144
004862
004709
003813
001976
004177
004769
004444
003522
000088
001010
000953
002528
007002
006162
004968
006160
006564
007374
002131
005552
000881
003648
001159
000623
005685
003068
004170
002679
006459
003240
001062
002993
001720
001198
002468
000300
004370
001253
002158
006236
005214
007391
006535
005022
001157
006910
007216
000013
000225
000188
002379
002619
005182
003248
005888
003950
003602
003819
002626
003264
001313
000748
003047
003865
006983
004012
001286
006491
004815
007316
000434
000835
006938
006427
006081
003772
004141
002800
002062
001393
000453
005205
001260
000336
000716
003499
007075
002149
003046
006976
000084
005231
001214
006424
001465
004436
006714
006256
000741
003001
003320
004783
004848
001483
002545
007230
002832
006980
003540
007243
007338
005403
006661
005827
003504
007469
003283
000957
003310
005523
002739
002050
000552
003828
001609
007071
003586
000839
000214
003529
005443
001491
004724
006596
004411
005298
004935
001490
001182
001822
006689
007278
001587
004061
002509
001267
004760
004929
001227
006314
006268
002084
002945
001621
002515
005408
001558
006719
003334
005510
007418
003861
005399
006104
006448
003569
000407
004680
000958
001662
002259
007064
002552
006642
001589
002385
005472
006568
001524
001188
001977
004332
003872
000528
000327
004048
003303
002134
006722
003137
006944
002363
006968
002225
001510
001556
006878
005350
001092
006198
005148
003474
007221
003575
000643
003451
001501
000563
002331
006008
000561
003265
003274
004306
006569
002476
002374
005886
005207
005537
002896
003235
003252
007227
004841
006460
005722
003333
004944
004494
007238
003376
001298
004953
004827
001413
002185
002571
002567
002005
007166
002991
002859
002133
002377
004316
006253
002255
004621
001784
006505
006270
004565
001382
005757
000230
002455
000903
003040
003572
003765
004521
003101
006150
003756
004466
004150
004021
004106
000379
004084
000100
002359
007016
001032
006678
002620
003079
002061
001945
004157
005996
001083
002030
006989
001153
006290
005560
004086
001091
002570
004026
000237
006325
001223
000566
000637
000349
000818
004117
001522
007039
003675
002085
007285
006351
006447
005969
002563
004983
002368
006046
001742
002876
006262
000474
003924
005400
003394
004615
007309
006327
006071
003270
001708
006519
004469
003189
002297
005833
007343
003081
005594
002088
001554
000682
002138
002677
001745
004294
005261
005935
007297
003753
000760
003319
000408
003290
004465
005870
001255
006176
004485
007110
005251
006213
003823
005921
000805
004730
006879
001306
002144
003673
003629
006993
003589
003043
000235
005703
006824
005643
006197
003558
006298
007261
000902
004695
003730
005843
006188
005058
001802
006559
003045
005762
005142
004612
003398
002505
006969
002106
003901
000621
003383
002986
003443
001146
000412
005135
000448
004823
004639
002738
000424
001280
004238
001229
007467
003879
004202
005031
002911
002407
005676
007159
007403
005845
002454
002637
004381
001962
006851
005307
006552
002628
004248
004233
001592
002283
002125
000836
003635
003455
004898
003246
007052
001579
001480
003190
006377
003199
005059
002852
004474
003611
001689
002488
004362
005985
004626
002426
006455
002760
002154
002997
001390
002798
006664
005236
005102
003976
002356
003832
006794
005876
000692
006103
001350
003862
001104
001171
006724
000179
002743
005623
007012
006418
003566
003073
007058
002236
003552
000773
005711
002784
003125
006784
005045
003282
003833
003141
003627
000708
002551
004901
002120
003484
006834
000490
001228
005048
001778
002421
003314
003483
002464
000676
000608
001457
004132
005945
005416
006501
007146
007334
007273
001364
002627
002602
004264
006255
000123
002511
006677
002697
005067
004006
006412
001024
001853
006865
002111
004398
001295
004715
002105
004945
002621
007360
002375
005835
001058
002777
006805
003426
002003
001085
002334
006578
007448
005151
006357
003966
000822
002107
005326
004546
000656
003960
004777
007449
006779
007066
005962
003633
000579
004213
007437
003718
001322
001338
004846
002423
005541
004365
002233
004652
004218
007204
006543
006713
003250
007367
006012
005319
004235
004778
003795
001054
002325
006877
002547
001310
002416
006966
000810
006044
000562
000986
006658
005822
007132
006909
005452
002051
005029
006476
007148
005647
004536
003280
003300
004105
004994
005021
001520
004519
003450
002799
001814
003296
000666
000949
004685
002755
006194
002341
002958
005227
006738
002184
002302
003778
005127
006092
005905
004735
001695
000014
000888
001569
004072
003275
005396
001057
001479
002226
007105
000374
004620
003028
000280
000389
001991
005340
002492
006893
007129
000034
004727
006307
003752
004237
001572
002441
006258
000335
005109
001335
001202
006033
002586
003857
004906
004203
006822
000322
001475
001844
003471
002284
004514
003508
005943
006996
007376
005750
006525
001675
004849
003062
001632
003550
000200
003111
002258
006142
002311
000531
003298
004531
005934
000108
000878
005336
005792
004673
003710
002245
002735
005707
005459
001732
003075
000211
004053
003245
006589
000532
005688
004950
005813
006653
004320
004153
006810
004970
000369
002914
006764
002868
002826
006570
003962
000273
005094
005752
006600
003496
004421
006084
000819
003503
003031
007409
006250
003761
001148
004785
006758
006898
003512
006187
005328
006121
007035
001302
003131
002990
000330
006043
005564
007190
005579
002574
002506
006184
006246
000425
004895
002665
005882
003884
006494
004325
003599
002994
000601
004502
004672
002313
001187
006727
003382
006495
001246
006752
002222
006831
004799
000036
002646
006772
007200
003911
001517
005025
005507
002256
002744
005861
005023
003766
002252
007457
004566
001852
001367
002983
000547
004207
006336
001248
001992
000948
005303
006746
005489
000585
004042
006753
005687
006513
000403
002503
004459
000751
005732
006751
000962
007165
001691
000239
001029
007345
002411
000747
005007
003780
003162
006541
004874
005363
002157
000900
005168
003464
003468
003287
007212
005387
001006
007258
006845
003467
005428
001106
001557
000323
005667
005085
000317
000934
005248
000709
005498
004309
006514
001506
002685
000075
001315
004538
003520
005810
006010
005904
004600
003417
001325
003419
004245
005686
004954
006875
000114
002079
005269
005545
000885
000501
005267
004364
005136
000481
004763
006511
002710
002063
001947
002427
006296
002933
001560
002967
001635
000536
000173
004946
004343
003494
002922
005243
006285
002450
003154
000476
002260
001461
000186
002521
006695
002249
000576
003292
001427
007303
007223
003322
006240
005645
003116
003087
005129
000787
002919
003413
001841
004397
002316
006182
002108
004822
001230
001948
005926
002946
000030
002254
001525
003803
000730
003592
000544
005565
002695
000026
004990
001080
000820
003739
003954
002909
004369
006422
006152
002367
007330
004424
003236
006975
002921
001458
001965
000977
007130
005337
003705
000759
006812
005661
001912
007246
000972
000167
000242
001887
002418
002932
006423
007300
003222
006032
004324
000177
007419
006778
002749
005621
005582
000458
000220
004839
001044
006584
002611
001541
005442
004078
001575
003547
000588
000301
001232
006403
006597
005575
004443
001752
004921
005004
004062
004996
003502
007172
000198
005429
000080
002353
002920
005263
007455
007150
002937
003454
002077
003556
000028
003888
006872
005333
005627
002471
001344
002860
004894
004169
001785
005083
006874
005193
000603
006717
005427
000831
005899
006932
001074
000219
002006
003621
003480
003114
002410
000054
000495
000465
004556
001702
003094
004200
000213
002523
001713
002349
003640
005931
005784
004049
004290
002790
004302
004159
006056
000469
004090
004128
000244
000071
007177
003446
007450
005848
006711
006912
002525
004749
007170
003815
000353
004467
001871
001337
002757
001838
005302
005312
001764
003768
005901
001950
003717
003377
000852
006684
002821
002943
004211
000314
001779
002310
005366
000104
005847
002938
000944
000362
005053
001296
004989
006954
000725
005467
001829
005628
003194
006202
005329
005043
003352
003166
000525
000157
003462
006781
003858
007081
007145
001518
001134
006747
007245
004902
000423
006273
000897
002808
006259
002262
002530
002036
005480
003400
002796
002725
005430
006345
005437
000670
001329
001088
004260
001287
001169
000697
002561
007281
005968
000620
005714
007074
001588
006281
004855
002191
006241
007333
001271
001445
004567
006828
006840
003774
006378
001448
005505
000334
004993
000254
003546
004676
002320
006153
007218
005821
000723
001154
005539
001047
004139
007004
005154
003835
000350
006190
003239
003077
000400
003184
004162
006864
003403
002404
006271
001867
005868
006988
002789
004587
006479
000589
005020
002872
000710
005648
002707
004900
002139
004121
006721
000524
005713
001746
003017
004230
000045
003965
005919
003562
001221
004137
001102
001294
003444
002408
005418
004609
002780
005198
002651
003517
004716
002054
002577
000461
000288
004097
000520
006146
005973
002365
001725
001606
006073
003663
006861
006177
002615
000233
000780
000168
000276
000351
000229
001620
000856
003534
002394
002701
001314
001899
003442
000635
001806
003521
005591
001224
000487
006970
001562
003543
001359
005352
006406
006332
003140
003155
004363
004863
005823
003926
000739
007420
004718
002031
000999
000604
005923
002446
001985
005095
005756
001509
004119
006748
007197
001902
003407
004175
000895
004124
000761
007001
005299
004283
006430
000736
002216
002558
006055
006673
003038
000373
001598
001916
006820
006141
006920
006140
003970
002504
000800
000952
007069
006598
002801
000409
001913
006771
003798
006066
007215
003412
005600
003138
002500
005986
000133
005726
006267
002535
005903
006547
007072
000571
003284
004881
005521
004903
001559
001164
003744
006105
004951
005957
000860
006895
005254
005788
005093
002742
007369
005382
003542
003555
003583
004816
002301
005940
000594
006582
000135
002995
001317
003944
006636
006454
001792
002734
002318
005618
002007
000359
001642
004154
001971
004160
003470
004619
005637
006283
000052
005529
006836
004579
002296
002517
002481
000074
003972
006660
004679
006732
002207
001355
003055
000378
006516
005088
003659
001860
004662
002555
003886
005213
005967
006750
005493
002065
000098
005864
005551
007160
002550
002339
002264
003203
000371
000660
004142
005238
000111
003258
005704
004013
000271
005639
001256
006305
000295
000346
001402
001775
005561
004723
002034
003631
003955
006060
004625
004399
006572
001112
006937
003262
006078
002047
006386
003563
004403
007096
001033
000803
001428
006503
006742
006769
000415
003399
000777
006326
000018
005124
003894
004686
006509
005285
002072
000193
001927
004215
004236
002693
005087
004380
007173
002649
000137
005434
002858
002145
005038
002948
002429
002560
006079
006497
006288
007091
000398
005233
006480
005320
004287
004911
002495
001674
005730
003186
007051
004181
005262
001060
004191
004513
003794
001811
005803
003606
005593
002781
004825
004146
000340
002894
004915
003681
004659
005257
002276
006375
003707
005308
003577
003620
004581
004837
005345
001905
006655
002996
007247
002741
007362
002462
003011
005680
001476
002634
004904
003348
001850
002842
004241
001646
000754
001994
004293
004163
006400
005024
001846
000109
005895
003286
004766
006289
002895
000882
005305
001828
006007
006972
002584
004510
007393
006683
000695
004435
002787
001489
003712
004205
006599
006356
006916
002147
003758
004548
000893
001789
003498
004231
006311
001922
001420
002510
002023
002565
005128
002206
004490
006904
002135
004555
000443
002854
002918
001352
004055
006712
003721
004429
000633
003619
001488
005982
004377
005522
001331
005496
000792
007347
003760
003783
005959
003342
002011
003567
006749
002764
001160
005765
002913
000631
006215
007477
004292
001242
003582
004289
005975
003947
000462
002941
006359
006370
007443
005080
000151
001999
000538
007313
004984
005501
003581
002270
001183
000599
001423
002667
005232
006627
007198
005795
000450
002119
004093
006208
002460
000901
002232
005098
003281
003814
001582
003064
002192
006109
006927
003234
002027
002862
004199
005365
001915
001645
002669
005737
000212
007141
002815
005546
001604
002395
007320
000366
004171
000319
001332
006544
004947
000808
003668
006233
001375
001340
003685
004323
007093
006344
005228
001894
004453
002010
004771
001794
005016
000832
000582
004770
001373
001155
006368
006827
001217
001988
000128
000743
000918
004627
006941
002179
005091
001823
005297
001943
003587
005296
007094
000915
003516
002175
006956
005607
005668
005394
004992
006930
007169
002328
004016
006609
005384
004353
001870
004420
004611
005684
006981
005554
001960
002382
001320
002768
002360
005572
004221
003458
005970
007143
003830
003800
006918
005406
004979
005419
003557
007396
003361
002273
000899
006367
002203
003741
006196
005425
004540
007233
007262
006328
002463
000063
003745
004743
003859
005760
004350
003855
005834
001318
003355
005884
006016
001891
002975
000584
000707
001890
006606
000238
006165
000738
000609
000291
007423
003307
001861
006059
002666
006087
000204
000172
005439
004552
002984
000543
001537
006426
007381
005224
004135
002953
002803
006388
001718
006313
006534
002782
000489
004962
007289
002286
003983
005295
002177
005749
004355
002419
006685
002250
005281
006776
005830
002672
000796
004601
006052
000714
005113
004002
000984
002164
006620
005612
000142
003224
005306
005422
006239
001048
002362
000134
007363
006433
004564
004835
002903
003505
004982
002883
000519
006801
003781
000906
004329
001717
000102
005068
000270
004220
001460
004590
003030
003272
006650
002625
005589
004789
001389
003821
002480
004873
000118
005386
003892
004156
003788
004726
005466
002336
003466
005132
001933
002244
000234
000399
003864
003389
006793
001865
001130
004047
000375
004216
004140
000056
002028
004768
002330
004074
005920
003198
003651
005709
001755
007459
001064
001220
005588
001069
001758
000070
001967
004394
004561
000445
001339
006899
006765
003291
004201
005879
002227
005089
001418
006053
004512
003053
001031
006158
003220
004966
000515
002293
005683
004607
001328
004138
002538
006645
000786
001007
005743
004576
003787
000210
002885
001365
002401
005449
006002
001859
004027
004434
004028
005358
002683
004886
007254
002299
001238
003119
005165
002219
000745
003938
003998
005033
007438
006457
006106
002513
006997
000310
002847
005361
003123
003027
006663
003904
000518
000989
005283
006789
002899
000000
005592
000452
000426
002974
006076
006601
002659
003415
002022
003750
004571
001468
007288
002968
006817
002097
006300
002475
004539
007358
002864
000932
001757
005738
005239
003792
002351
003796
003037
001421
000420
001285
002381
006338
000103
007040
004593
005027
005938
006416
002689
007340
003269
004438
002118
001733
004371
007031
004017
000313
007138
000880
003061
001903
002324
003771
005044
002988
000729
007325
001455
005763
006451
007260
003728
000138
006588
005990
006538
000468
003402
004905
004185
005115
004096
003302
007286
002017
003142
001336
007065
006041
006293
001918
006464
002489
001249
001497
006959
005769
005373
006707
004430
002163
004069
007144
002660
003165
003793
002389
002542
007415
004605
000517
006116
000833
004943
002746
000801
005170
005966
004303
001676
007479
002982
005183
005617
004401
006195
004689
000851
003890
006449
002434
002557
006725
000218
002539
001623
001869
005854
000853
002886
000073
005410
001879
004710
001514
001753
001192
005758
001515
007310
003578
001247
007475
000217
000595
004461
005715
002370
000124
003697
007127
002425
003266
006062
002834
006275
004690
003448
007124
007435
003051
006280
000916
000731
003130
007250
002290
004198
004039
000457
006450
000025
007355
002907
006405
006640
006316
003545
004255
001158
002929
004103
005259
005865
001493
001354
000224
002243
006462
000605
005744
003311
006189
006762
004920
000463
006787
002102
003649
002432
005751
004665
006888
005421
003120
005741
004393
003237
003391
003427
001855
000494
005574
003736
007152
007163
004476
000617
001013
006173
000009
000812
002064
003610
004791
004281
005796
005809
002465
001128
001109
006389
001215
000718
003993
001631
003026
003044
005520
001276
003598
006508
006436
005264
000712
004131
003806
006133
003790
000344
006628
006903
004390
003134
007192
007048
006131
005040
001235
002082
001679
003404
004296
002791
005133
002086
001540
005474
007332
000700
005580
004941
006788
002498
005766
000775
006381
007049
006602
001596
003465
004277
003492
001040
002067
003975
004219
004076
001878
004029
007352
001486
001025
000704
007171
007038
000202
002016
000784
007265
003917
002856
004480
003969
001363
001063
004009
004810
004814
005753
000286
000715
004875
001005
000077
006502
003714
002279
001643
002723
004116
005948
003338
006082
006925
002321
004614
001386
005235
004557
005653
000485
004808
002474
004305
006948
005184
003306
001309
000020
004471
000385
004318
003238
003025
002378
001293
000553
006835
002424
000735
003518
002817
002806
004130
003010
004334
002942
003551
005669
003698
001526
003643
005599
006039
002904
006616
001347
000997
003885
000248
005913
000261
000577
004402
007348
000328
000827
000875
000078
001089
005782
005464
002593
001875
002713
003749
006050
003206
001194
001751
004481
006067
006254
006639
006530
002428
007399
002127
006161
004613
005286
004803
000813
001602
003535
006380
003939
006058
007026
001258
000742
003801
006163
005634
003650
000876
006760
004073
005487
002444
000069
007131
002836
006643
002684
000782
005460
003158
002820
003553
002976
000698
006154
004511
003746
002910
004830
001459
004572
004586
001863
001512
004779
002809
001624
003984
003703
001281
001467
002497
006644
003533
006322
002529
002078
004041
004930
000867
000455
005874
007274
000208
002663
003725
002650
007083
000315
001429
000023
000175
001648
003992
007078
006231
005568
004781
000966
004385
006900
000936
003734
002569
002845
000092
007406
004148
000933
004847
001020
005431
004054
004414
003151
004896
006922
001516
004222
004691
006183
000303
000711
006590
000404
007383
001333
000352
000226
000606
005294
003129
006795
005409
002767
004176
003434
004833
001768
001379
004098
003704
000545
002039
002733
004573
003100
003083
003560
004617
002074
004120
005010
002827
005035
004333
003197
000215
004223
007154
006613
003127
002122
001123
003181
007006
005885
006549
004622
004647
002940
001371
003261
004383
005526
005457
002568
007162
006171
006193
003374
001911
004299
003445
006374
003785
000554
004493
003956
005468
005054
006042
004643
001028
001454
006841
003295
004998
005571
001257
005733
005781
004058
003709
006825
002485
004391
006755
005878
000479
006373
000667
000105
004208
007032
006178
006021
001973
006434
000969
004431
000205
006337
001548
003930
000638
002159
003824
002835
006398
004204
006299
001586
004374
002372
005569
004773
007176
005672
005767
002717
004806
005859
001763
005407
000955
000196
007043
005724
005652
007380
005708
005740
002156
007125
003182
006647
002664
003528
003231
006333
007228
003340
000272
005413
005609
000107
003727
001527
006151
004999
000460
006978
003463
006037
007324
000053
006499
006047
000806
006634
002604
004025
001593
001747
001980
005417
007458
006420
007335
004452
006167
004664
002176
002873
006484
002417
004653
002553
001840
007073
003212
005380
003747
007005
003943
003868
006860
004242
003332
003921
001590
006348
001405
002049
002924
004172
000925
000145
000421
001050
001591
001014
000022
000106
002971
006439
005385
000689
002208
001634
004433
003388
001502
005101
002414
006264
000266
005323
001966
005346
000826
004681
000380
004819
003084
006371
004406
004584
005502
003015
007061
001660
004731
001056
005802
001426
005456
001513
001813
003431
002514
005036
001167
001668
004317
003658
005081
004489
000677
007088
001627
002383
006115
006696
004024
007351
000995
004187
005585
001197
005436
007036
001583
001384
004812
002531
000115
000087
006646
004958
000846
004892
004926
005200
001851
001107
000719
003469
000814
002169
002268
005696
001111
006266
000967
001669
001444
002756
002415
007398
000068
006716
001503
001019
003840
002412
004071
000383
006782
002103
000998
007208
004501
000079
003898
004051
006303
003050
000190
005412
004677
003476
004112
007044
001351
004270
006265
004851
000083
002344
006708
002691
001687
007344
004149
006323
001539
004077
001411
000158
001327
000249
002928
001964
003285
006971
007291
004450
004729
000039
002540
001776
001722
007392
002900
006318
002275
001209
005953
000368
000732
001876
004196
005351
000996
004842
006346
002778
004417
003409
005138
004057
005558
001729
003723
003171
003608
003672
006863
004972
001078
004109
007312
003008
002413
007474
000082
006061
005562
005869
002607
007025
003919
006625
005178
000978
001505
003373
000696
003440
005402
005342
005197
001795
007252
002186
004817
007305
007060
000510
000342
000503
005524
007315
003097
005697
002238
005806
004043
005046
006493
000019
000911
005727
003191
004173
002015
000529
004164
001780
006286
002198
003242
003646
003733
003193
003881
007239
001754
003108
006791
001120
000090
003999
003789
004961
002174
000394
005355
004559
004155
001388
000122
006391
002459
007205
002765
001443
001825
003532
000140
001095
006392
006668
000785
001536
003827
002376
000356
002559
003003
003997
000905
006446
003202
000634
000155
006671
005462
006220
007103
006984
000596
000963
000646
006563
005774
001830
002728
000189
003070
000147
004824
000569
006802
000790
003019
003301
000483
003900
004100
005900
007119
002457
007411
006252
003160
003846
001969
000438
006425
002578
006862
005484
000304
005210
001809
006244
001435
003531
000466
004623
000699
003932
004263
003979
005974
000985
000721
005657
001972
004878
007372
001284
007453
004059
003473
005241
005838
001035
003312
006858
005034
005052
003893
006366
004244
004897
003825
003329
002044
004089
006947
006376
004375
006734
000472
003713
005614
005175
003335
004707
006967
001213
000017
006135
002053
004475
006940
005158
004936
002931
001499
001990
005553
000938
007140
004635
000950
004361
006629
003945
003196
001856
006068
001671
000615
000546
005883
000889
006690
005801
004389
001009
003251
000418
001022
002068
003812
004912
000650
004852
004637
004322
003387
006557
000076
003080
003014
003923
005910
003981
005404
005353
006083
000160
006404
001836
007426
001131
001250
002616
004378
006800
006199
002762
001023
005367
002614
006866
003211
003102
006085
007229
000372
003959
001430
005194
005665
006269
005509
000799
004604
005390
000550
000877
002055
000228
005377
006170
006573
007375
004826
001545
005603
000727
006212
005260
006235
007153
004300
005370
002878
000289
001574
003461
005761
000159
003695
007030
001709
005745
005515
005956
007290
000686
006906
007234
005050
000091
006292
001113
003882
002748
002582
006238
003157
003033
001810
005316
005112
001147
005291
005682
006704
005675
002001
001767
006958
002688
005695
001906
007452
000652
003035
006297
002391
002992
000764
000341
007255
000203
004020
004751
004349
001204
002508
001883
003093
003459
006703
000180
005293
003041
001451
001854
002998
003549
000065
005062
002173
004832
001886
002823
000431
007235
002309
005494
005488
006585
005280
003432
004224
004698
002032
001987
000817
001001
004136
000630
004550
005538
002403
007465
006257
002194
000809
002978
004279
004811
003096
004879
000459
005896
007042
006528
006229
000284
000275
006633
001594
001538
000663
003519
001016
001571
006490
002887
002736
002737
004525
006407
000178
006615
002392
005811
004756
004618
005186
000246
003809
007394
005980
005719
002587
001963
001039
006156
006806
007339
000059
006754
006961
006349
003866
003441
002653
002461
006670
000491
005731
003559
001730
001567
001119
001657
006949
004554
000728
006214
006977
001312
001051
002999
005997
002927
001297
000027
007277
001929
004591
006595
006649
005082
004276
003178
001237
004357
006144
000548
001218
003065
001353
004314
005853
004144
005315
004376
003177
001653
006819
006583
004547
007077
000507
005916
005855
004568
000241
006385
001610
005099
005734
003362
004942
001924
001750
001936
005500
002073
005846
003336
003393
005892
001180
003225
001716
007240
000848
001580
006575
006242
001858
007210
004265
006521
004856
003350
000593
001462
001161
005491
004110
005818
007337
006096
005119
005481
004182
002388
001824
006679
005800
004845
006387
000671
005057
001210
000467
001243
000320
003331
000629
001651
005633
003422
004000
007201
005773
007447
001042
005216
003634
006905
003118
002794
005991
003414
001935
005718
007439
004387
001059
002098
005120
000499
001184
001330
007390
007021
002740
003903
000498
006896
004107
004033
001179
002195
003217
002329
000411
007194
002440
001066
004500
007211
002599
002925
002130
004683
002631
001901
004227
000834
001105
002231
007326
001739
003941
004570
004981
002390
000797
000440
006174
007241
003066
004337
002608
000956
001200
002546
004517
000377
004535
000870
004023
002534
001195
001487
007470
002048
006227
000992
005924
001362
005894
006917
003638
001027
005176
007472
005432
002657
002897
007279
000871
006733
005908
004976
005584
003341
000265
001783
000961
006935
006118
003276
002246
001391
001189
007045
002898
004246
006929
000437
005965
006437
001585
003845
005161
000041
003584
000771
000360
004734
007405
007346
006312
005395
006757
001254
001644
000187
004133
006097
005742
000176
005651
004955
000971
007266
006853
004713
003048
004752
001766
000113
004166
003906
001996
005629
005549
004755
001700
001241
001163
001521
000908
005611
006593
001406
005504
006129
003831
003059
006030
006545
000095
000607
003995
005252
000919
006928
004087
004384
001605
006926
006990
003743
002880
006504
001149
004899
004864
007207
003525
005079
006390
002686
002052
006319
005654
005659
003537
007323
003601
004974
006603
004782
001749
003218
006539
001782
004442
003169
006225
006855
003618
005954
004744
004893
001478
003481
001678
003682
002433
002727
004831
001817
006353
005270
005015
004798
006443
004687
001692
003696
005993
004251
006773
002636
004440
005506
007270
000397
002829
000093
006452
004797
006657
002588
006856
001422
006352
007377
005483
007062
005311
006143
005984
005014
005640
003915
005622
005250
001034
005077
001206
000898
001046
002583
007428
002603
007147
001410
001076
005310
005013
006526
003683
002965
001098
001407
001946
001800
002346
002959
005162
004705
000386
001115
004372
007427
001196
001176
006902
006933
006123
002482
006847
003328
004126
000221
006611
004498
005156
004522
007213
000085
002281
000705
005103
002151
003913
004528
004158
000112
005946
005789
002294
003722
001045
005454
000807
001544
006086
005858
003942
004523
005748
000120
000533
002682
004275
003098
005221
005292
007178
000610
006565
002352
001075
003568
004111
004917
007301
006205
004360
002889
003980
002266
001630
006517
006369
001781
004272
000152
000086
002366
003343
002128
006334
001377
007264
002694
007253
002220
000914
004646
000504
006518
005276
002109
004225
007314
004359
005497
002448
002516
007231
005116
007070
003776
004473
002112
000192
006019
000964
000169
000329
005503
006127
002705
005140
001212
002656
005798
000446
004995
000358
006251
006736
003423
004168
000484
005544
007268
004807
001762
003907
002549
000644
001498
002265
006001
006786
004044
003288
003791
006523
003210
006665
006651
002212
002754
006987
002879
004967
006869
007184
003585
002844
002613
005001
002282
000752
006172
004867
000154
006652
005616
005866
002644
002502
004717
003784
006870
000382
004696
004580
001369
004578
005536
003007
004507
001873
002043
000907
003420
001434
005850
005372
000129
005453
002478
006656
001446
006469
004551
001866
004066
003918
003430
004065
002406
007364
002592
003173
004239
004499
005209
004742
005723
000858
005139
003456
002543
005177
002962
002714
005556
005873
007034
003826
003851
004134
007000
002178
004428
002168
003406
007257
006555
004854
001787
005794
003869
004344
003411
001533
004210
004585
003219
000365
004784
001771
004194
003230
004408
000578
000427
002831
001862
002263
003135
005234
000447
006306
007174
004589
001958
003167
004354
001093
004516
004079
006635
001599
002292
004938
006004
001819
005626
000559
001941
005392
004007
003782
005401
000391
000844
003973
001563
000042
004722
005852
005725
002585
002668
001165
003937
004104
003949
003876
006566
005662
006315
002770
001052
007421
002240
006070
004871
000430
001721
006743
003416
004301
003666
000865
000983
000302
002732
004022
000475
003625
003988
006054
003124
002228
004269
000195
004750
000540
003762
004118
006145
003020
004308
001926
006821
003933
006561
002182
003477
007116
002469
001551
007282
007182
005374
004657
004183
000580
004328
004790
007010
006551
000008
004188
001790
000583
004663
002342
007101
004432
002589
007099
003996
007189
000364
002076
003410
002012
006792
001696
001383
006207
003153
006134
004616
001805
007056
006586
007476
003839
004530
004757
001321
002952
005963
006783
002841
002312
004939
006842
001272
003946
006607
000668
004882
001788
006666
004532
001494
006955
005499
003895
004537
002758
005863
000857
004802
003708
007422
000556
006857
004404
003524
002045
005331
002766
002747
003848
002857
003597
003511
007158
005188
004633
007328
002335
002443
004745
006445
007464
002501
002278
002155
003324
006934
005828
001607
002234
005595
006936
000798
000616
001543
002763
007079
006556
004462
001818
004342
001436
005755
006408
006329
007136
001400
